P2
8 8
255
127 127 127 127 127 127 127 127 
127 127 128 133 133 128 127 127 
127 128 138 167 167 138 128 127 
127 133 167 213 213 167 133 127 
127 133 167 213 213 167 133 127 
127 128 138 167 167 138 128 127 
127 127 128 133 133 128 127 127 
127 127 127 127 127 127 127 127 
